
Tabla 1 - Estadística Descriptiva
==================================================================================
Statistic             N       Mean    St. Dev.   Min  Pctl(25) Pctl(75)    Max    
----------------------------------------------------------------------------------
Directorio          46,788 23,904.510 9,105.695 8,351 15,624.8 31,808.2   39,324  
Secuencia_p         46,788   1.018      0.150     1      1        1         4     
Orden               46,788   1.607      0.884     1      1        2         9     
Nino_personas_hogar 46,788   5.117      2.011     1      4        6         20    
Nino_edad           46,788   11.195     3.656     4      8        14        17    
Adult_factor_exp    46,788  697.848   1,061.992 8.588 123.188  920.972  19,961.130
Nino_factor_exp     46,788  687.119    973.981  8.588 124.182  951.415  19,961.130
----------------------------------------------------------------------------------
